-0.181 14.409 -6.929 -3.905 -1.326 -2.486 -5.937 -3.415 2.342 -1.995 -2.313 
-4.417 -15.637 -6.134 -4.368 -6.049 5.691 4.723 6.094 8.811 5.528 -8.950 
-13.942 0.479 -12.347 9.503 9.174 -2.174 3.134 -3.041 0.709 -1.573 -0.143 
8.394 -1.245 13.395 0.745 -5.343 4.714 -2.481 1.865 4.334 4.156 -1.083 
-7.760 -0.896 -7.686 -5.999 10.887 27.500 -11.087 11.966 -11.181 5.889 3.063 

6.480 -11.631 -6.022 4.347 -3.864 -3.735 
-7.357 -8.828 -9.142 6.654 -12.044 -5.995 
13.739 -21.345 8.574 -4.632 10.491 -8.711 
-7.997 -16.692 -10.739 8.908 14.545 -0.350 
-14.931 -14.854 13.668 2.752 -12.157 -5.823 

